Version 0.9.7
5
 4 10 175 77 128 0 1
 5 80 400 206 81 2 2
 0 261 105 877 276 8 3
 1 380 470 206 81 140 4
 3 260 6 203 58 160 6
 0
38
 0 5 71 288 71 288 71 353 71 353 314 353 314 353 0 1 0 3
 0 5 327 353 327 353 327 539 327 539 395 539 395 539 0 3 0 4
 255 5 71 189 71 189 71 141 314 141 314 132 314 132 0 1 0 3
 255 5 71 228 71 228 89 228 89 481 395 481 395 481 0 1 0 4
 0 5 271 43 271 43 105 43 105 249 71 249 71 249 0 6 0 1
 0 5 405 314 405 314 405 314 405 353 405 353 405 353 0 3 0 3
 0 5 548 314 548 314 548 314 548 353 548 353 548 353 0 3 0 3
 0 5 743 314 743 314 743 314 743 353 743 353 743 353 0 3 0 3
 0 5 977 314 977 314 977 314 977 353 977 353 977 353 0 3 0 3
 255 5 327 132 327 132 327 132 327 171 327 171 327 171 0 3 0 3
 255 5 470 132 470 132 470 132 470 171 470 171 470 171 0 3 0 3
 255 5 665 132 665 132 665 132 665 171 665 171 665 171 0 3 0 3
 255 5 899 132 899 132 899 132 899 171 899 171 899 171 0 3 0 3
 8421631 5 474 481 474 481 474 381 899 381 899 314 899 314 0 4 0 3
 4210816 5 436 481 436 471 336 471 336 314 327 314 327 314 0 4 0 3
 4210816 5 455 481 455 458 349 458 349 314 340 314 340 314 0 4 0 3
 4227327 5 353 314 353 314 353 314 366 314 366 314 366 314 0 3 0 3
 4227327 5 379 314 379 314 379 325 912 325 912 314 912 314 0 3 0 3
 65280 5 455 494 455 494 466 494 466 314 470 314 470 314 0 4 0 3
 65280 5 474 494 474 494 483 494 483 494 483 314 483 314 0 4 0 3
 8421376 5 436 494 436 494 436 397 509 397 509 301 509 301 0 4 0 3
 8421376 5 496 288 496 288 496 288 496 288 522 288 522 288 0 3 0 3
 8404992 5 925 314 925 314 925 302 535 302 535 314 535 314 0 3 0 3
 16711680 5 938 301 938 301 938 294 665 294 665 288 665 288 0 3 0 3
 16744576 5 392 275 392 275 392 274 678 274 678 275 678 275 0 3 0 3
 16777088 5 436 507 436 507 436 510 951 510 951 314 951 314 0 4 0 3
 16777088 5 496 314 496 314 562 314 562 210 522 210 522 210 0 3 0 3
 33023 5 964 275 964 275 885 275 885 172 535 172 535 197 0 3 0 3
 4227072 5 548 184 548 184 548 152 717 152 717 184 717 184 0 3 0 3
 4227200 5 327 301 327 301 327 282 704 282 704 275 704 275 0 3 0 3
 4227200 5 474 507 474 507 474 499 717 499 717 275 717 275 0 4 0 3
 4194432 5 730 275 730 275 760 275 760 133 379 133 379 184 0 3 0 3
 4194432 5 455 507 455 507 446 507 446 184 392 184 392 184 0 4 0 3
 8388863 5 405 171 405 171 405 144 964 144 964 171 964 171 0 3 0 3
 8388736 5 730 184 730 184 730 190 977 190 977 184 977 184 0 3 0 3
 12632256 5 691 210 691 210 691 210 743 210 743 210 743 210 0 3 0 3
 12632256 5 691 275 691 267 646 267 646 210 678 210 678 210 0 3 0 3
 65535 5 446 50 446 50 446 50 704 50 704 184 704 184 0 6 0 3
4
 7008 1 14 321 223 5 0 1970706480 0 3
 7008 1 14 464 223 5 0 1970706480 0 3
 7032 1 14 659 223 5 0 1970706480 0 3
 7004 1 14 893 223 5 0 1970706480 0 3
