Version 0.9.7
5
 4 10 175 77 128 0 1
 5 80 400 206 81 2 2
 0 188 124 877 276 8 3
 1 244 439 206 81 140 4
 3 571 12 203 58 150 5
 0
20
 0 5 71 288 71 288 71 372 71 372 241 372 241 372 0 1 0 3
 0 5 254 372 254 372 254 508 254 508 259 508 259 508 0 3 0 4
 0 5 71 249 71 249 88 249 88 49 582 49 582 49 0 1 0 5
 255 5 71 228 71 228 71 229 99 229 99 450 259 450 0 1 0 4
 255 5 306 190 306 190 306 190 306 151 306 151 306 151 0 3 0 3
 255 5 71 189 71 189 103 189 103 151 241 151 241 151 0 1 0 3
 255 5 540 190 540 190 540 190 540 151 540 151 540 151 0 3 0 3
 255 5 761 190 761 190 761 190 761 151 761 151 761 151 0 3 0 3
 0 5 384 333 384 333 384 333 384 372 384 372 384 372 0 3 0 3
 0 5 618 333 618 333 618 333 618 372 618 372 618 372 0 3 0 3
 0 5 839 333 839 333 839 333 839 372 839 372 839 372 0 3 0 3
 12615808 5 300 450 300 450 306 450 306 450 306 333 306 333 0 4 0 3
 12615808 5 319 450 319 450 319 450 319 333 319 333 319 333 0 4 0 3
 8388863 5 338 450 338 450 345 450 345 450 345 333 345 333 0 4 0 3
 8388863 5 357 450 357 450 358 450 358 450 358 333 358 333 0 4 0 3
 8421376 5 332 333 332 333 332 324 761 324 761 333 761 333 0 3 0 3
 4259584 5 371 320 371 320 371 314 787 314 787 320 787 320 0 3 0 3
 33023 5 774 307 774 303 633 303 633 229 592 229 592 229 0 3 0 3
 33023 5 800 307 800 292 651 292 651 216 605 216 605 216 0 3 0 3
 65535 5 618 190 618 190 618 56 618 56 617 56 617 56 0 3 0 5
3
 7008 1 14 300 242 5 0 1970706480 0 3
 7032 1 14 534 242 5 0 1970706480 0 3
 7004 1 14 755 242 5 0 1970706480 0 3
