Version 0.9.7
5
 4 10 175 77 128 0 1
 5 80 400 206 81 2 2
 0 165 133 877 276 8 3
 1 294 488 206 81 140 4
 3 491 29 203 58 150 5
 0
33
 65793 5 71 288 71 288 71 288 71 381 218 381 218 381 0 1 0 3
 65793 5 309 557 309 557 231 557 231 557 231 381 231 381 0 4 0 3
 65793 5 361 342 361 342 361 342 361 381 361 381 361 381 0 3 0 3
 65793 5 582 342 582 342 582 342 582 381 582 381 582 381 0 3 0 3
 65793 5 777 342 777 342 777 342 777 381 777 381 777 381 0 3 0 3
 65793 5 71 249 71 249 87 249 87 66 502 66 502 66 0 1 0 5
 255 5 71 228 71 228 105 228 105 499 309 499 309 499 0 1 0 4
 255 5 218 160 218 160 107 160 107 189 71 189 71 189 0 3 0 1
 255 5 283 199 283 199 283 199 283 160 283 160 283 160 0 3 0 3
 255 5 504 199 504 199 504 199 504 160 504 160 504 160 0 3 0 3
 255 5 699 199 699 199 699 199 699 160 699 160 699 160 0 3 0 3
 8421631 5 350 499 350 499 350 411 699 411 699 342 699 342 0 4 0 3
 8421631 5 369 499 369 499 369 423 725 423 725 342 725 342 0 4 0 3
 65280 5 350 512 350 512 285 512 285 342 283 342 283 342 0 4 0 3
 65280 5 322 342 322 342 322 479 389 479 389 499 388 499 0 3 0 4
 8421376 5 309 342 309 342 309 335 335 335 335 342 335 342 0 3 0 3
 8421376 5 348 342 348 342 348 335 751 335 751 342 751 342 0 3 0 3
 8404992 5 764 303 764 303 686 303 686 238 335 238 335 238 0 3 0 3
 8404992 5 407 499 407 459 376 459 376 225 348 225 348 225 0 4 0 3
 4227072 5 361 212 361 212 361 212 517 212 517 212 517 212 0 3 0 3
 16744576 5 283 303 283 303 270 303 270 238 296 238 296 238 0 3 0 3
 16744576 5 369 512 369 522 250 522 250 225 309 225 309 225 0 4 0 3
 33023 5 322 199 322 199 322 189 400 189 400 199 400 199 0 3 0 3
 255 5 387 199 387 199 387 199 387 160 387 160 387 160 0 3 0 3
 0 5 465 342 465 342 465 342 465 381 465 381 465 381 0 3 0 3
 33023 5 388 512 388 506 481 506 481 187 413 187 413 199 0 4 0 3
 8388672 5 426 199 426 199 426 199 712 199 712 199 712 199 0 3 0 3
 8388672 5 725 212 611 212 611 298 543 298 543 303 543 303 0 3 0 3
 65280 5 738 342 738 342 738 356 296 356 296 342 296 342 0 3 0 3
 8388863 5 712 316 712 316 712 310 556 310 556 316 556 316 0 3 0 3
 16711680 5 569 316 569 322 792 322 792 238 764 238 764 238 0 3 0 3
 8421504 5 777 225 777 225 530 225 530 225 530 212 530 212 0 3 0 3
 65535 5 543 212 543 212 543 73 543 73 537 73 537 73 0 3 0 5
4
 7008 1 14 277 251 5 0 1970706480 0 3
 7032 1 14 498 251 5 0 1970706480 0 3
 7004 1 14 693 251 5 0 1970706480 0 3
 7008 1 14 381 251 5 0 1970706480 0 3
