Version 0.9.7
5
 4 10 175 77 128 0 1
 5 67 440 206 81 2 2
 0 245 97 877 276 8 3
 1 364 423 206 81 140 4
 3 242 8 203 58 150 5
 0
22
 0 5 71 288 71 288 71 345 71 345 298 345 298 345 0 1 0 3
 0 5 428 306 428 306 428 306 428 345 428 345 428 345 0 3 0 3
 0 5 701 306 701 306 701 306 701 345 701 345 701 345 0 3 0 3
 0 5 961 306 961 306 961 306 961 345 961 345 961 345 0 3 0 3
 0 5 71 249 71 249 106 249 106 45 253 45 253 45 0 1 0 5
 0 5 311 345 311 345 311 492 311 492 379 492 379 492 0 3 0 4
 255 5 71 228 71 228 87 228 87 434 379 434 379 434 0 1 0 4
 255 5 298 124 298 124 71 124 71 124 71 189 71 189 0 3 0 1
 255 5 350 124 350 124 350 124 350 163 350 163 350 163 0 3 0 3
 255 5 623 124 623 124 623 124 623 163 623 163 623 163 0 3 0 3
 255 5 883 124 883 124 883 124 883 163 883 163 883 163 0 3 0 3
 8421631 5 477 434 477 434 477 373 883 373 883 306 883 306 0 4 0 3
 8454016 5 420 434 420 421 351 421 351 306 350 306 350 306 0 4 0 3
 32768 5 458 434 458 434 458 407 363 407 363 306 363 306 0 4 0 3
 16711680 5 402 293 402 293 402 293 896 293 896 293 896 293 0 3 0 3
 8421376 5 389 306 389 306 389 447 389 447 420 447 420 447 0 3 0 4
 16776960 5 376 280 376 280 376 280 623 280 623 280 623 280 0 3 0 3
 33023 5 415 267 415 267 415 266 636 266 636 267 636 267 0 3 0 3
 8388863 5 649 267 649 267 649 265 909 265 909 267 909 267 0 3 0 3
 16744576 5 922 267 922 267 975 267 975 189 415 189 415 189 0 3 0 3
 8388736 5 439 434 439 434 439 176 439 176 402 176 402 176 0 4 0 3
 65535 5 428 163 428 163 428 163 428 163 428 52 428 52 0 3 0 5
3
 7008 1 14 344 215 5 0 1970706480 0 3
 7032 1 14 617 215 5 0 1970706480 0 3
 7004 1 14 877 215 5 0 1970706480 0 3
