Version 0.9.7
5
 4 10 175 77 128 0 1
 5 80 400 206 81 2 2
 0 173 156 877 276 8 3
 1 346 450 206 81 140 4
 3 173 54 203 58 150 5
 0
18
 0 5 71 288 71 288 71 519 71 519 361 519 361 519 0 1 0 4
 0 5 71 249 71 249 98 249 98 91 184 91 184 91 0 1 0 5
 255 5 71 228 71 228 89 228 89 461 361 461 361 461 0 1 0 4
 255 5 71 189 71 189 226 189 226 189 226 183 226 183 0 1 0 3
 255 5 291 222 291 222 291 222 291 183 291 183 291 183 0 3 0 3
 0 5 71 275 71 275 99 275 99 404 226 404 226 404 0 1 0 3
 0 5 382 365 382 365 382 365 382 404 382 404 382 404 0 3 0 3
 16711935 5 343 352 343 352 219 352 219 352 219 98 219 98 0 3 0 5
 16711935 5 356 339 356 339 239 339 239 339 239 98 239 98 0 3 0 5
 16711935 5 369 326 369 326 259 326 259 326 259 98 259 98 0 3 0 5
 12615808 5 304 222 304 222 304 215 402 215 402 461 402 461 0 3 0 4
 12615808 5 330 248 330 248 330 242 421 242 421 461 421 461 0 3 0 4
 12615808 5 343 235 343 235 343 227 440 227 440 461 440 461 0 3 0 4
 12615808 5 369 261 369 261 369 252 459 252 459 461 459 461 0 3 0 4
 4259584 5 291 365 291 365 478 365 478 365 478 461 478 461 0 3 0 4
 4259584 5 317 261 317 261 317 183 497 183 497 461 497 461 0 3 0 4
 4259584 5 356 261 356 261 356 192 516 192 516 461 516 461 0 3 0 4
 4259584 5 382 261 382 261 382 260 535 260 535 461 535 461 0 3 0 4
1
 7085 1 16 285 274 5 0 1970706480 0 3
