Version 0.9.7
5
 4 10 175 77 128 0 1
 5 80 400 206 81 2 2
 0 175 142 877 276 8 3
 1 177 439 206 81 272 5
 3 161 56 203 58 282 6
 0
20
 0 5 71 288 71 288 71 508 71 508 192 508 192 508 0 1 0 5
 0 5 71 249 71 249 95 249 95 93 172 93 172 93 0 1 0 6
 255 5 71 228 71 228 85 228 85 450 192 450 192 450 0 1 0 5
 255 5 371 351 371 351 371 351 371 390 371 390 371 390 0 3 0 3
 0 5 71 262 109 262 109 168 228 168 228 169 228 169 0 1 0 3
 0 5 371 208 371 208 371 208 371 169 371 169 371 169 0 3 0 3
 0 5 358 208 358 208 358 208 358 169 358 169 358 169 0 3 0 3
 8454016 5 319 351 319 351 319 350 233 350 233 450 233 450 0 3 0 5
 8454016 5 345 351 345 351 345 367 252 367 252 450 252 450 0 3 0 5
 8454016 5 271 450 271 450 271 416 410 416 410 351 410 351 0 5 0 3
 8454016 5 397 247 397 247 397 233 290 233 290 450 290 450 0 3 0 5
 12615935 5 319 247 319 247 307 247 307 450 309 450 309 450 0 3 0 5
 12615935 5 328 450 328 450 328 377 358 377 358 351 358 351 0 5 0 3
 12615935 5 397 351 397 351 397 429 347 429 347 450 347 450 0 3 0 5
 12615935 5 366 450 366 450 423 450 423 220 384 220 384 247 0 5 0 3
 4227327 5 345 247 345 247 345 207 207 207 207 100 207 100 0 3 0 6
 4227327 5 332 247 332 247 332 193 227 193 227 100 227 100 0 3 0 6
 4227327 5 332 312 332 312 247 312 247 312 247 100 247 100 0 3 0 6
 4227327 5 384 351 384 351 384 332 267 332 267 100 267 100 0 3 0 6
 4227327 5 410 247 410 247 410 140 287 140 287 100 287 100 0 3 0 6
1
 7083 1 16 313 260 5 0 1970706480 0 3
