Version 0.9.7
5
 4 14 166 77 128 0 1
 5 80 400 206 81 2 2
 0 207 152 877 276 8 3
 1 338 495 206 81 140 4
 3 438 34 203 58 150 5
 0
20
 0 5 75 279 75 279 75 564 75 564 353 564 353 564 0 1 0 4
 0 5 75 266 99 266 99 401 260 401 260 400 260 400 0 1 0 3
 255 5 75 180 75 180 260 180 260 180 260 179 260 179 0 1 0 3
 255 5 75 219 75 219 115 219 115 506 353 506 353 506 0 1 0 4
 255 5 325 179 325 179 325 179 325 218 325 218 325 218 0 3 0 3
 255 5 546 179 546 179 546 179 546 218 546 218 546 218 0 3 0 3
 65793 5 403 400 403 400 403 400 403 361 403 361 403 361 0 3 0 3
 65793 5 624 400 624 400 624 400 624 361 624 361 624 361 0 3 0 3
 16744576 5 394 506 394 506 394 446 546 446 546 361 546 361 0 4 0 3
 16744576 5 413 506 413 506 413 454 559 454 559 361 559 361 0 4 0 3
 12615935 5 432 506 432 506 432 425 338 425 338 361 338 361 0 4 0 3
 12615935 5 413 519 403 519 403 435 325 435 325 361 325 361 0 4 0 3
 65280 5 351 361 351 361 351 373 585 373 585 361 585 361 0 3 0 3
 8421376 5 432 519 432 519 443 519 443 348 377 348 377 348 0 4 0 3
 4210816 5 572 322 572 322 572 322 598 322 598 322 598 322 0 3 0 3
 4210816 5 572 335 572 335 572 335 364 335 364 335 364 335 0 3 0 3
 16776960 5 611 335 611 335 638 335 638 247 611 247 611 257 0 3 0 3
 33023 5 390 322 390 322 519 322 519 257 598 257 598 257 0 3 0 3
 65535 5 624 257 624 257 624 257 624 78 624 78 624 78 0 3 0 5
 0 5 75 240 75 240 101 240 101 71 449 71 449 71 0 1 0 5
2
 7008 1 14 319 270 5 0 1970706480 0 3
 7032 1 14 540 270 5 0 1970706480 0 3
