Version 0.9.7
7
 4 10 175 77 128 0 1
 5 80 400 206 81 2 2
 0 198 181 877 276 8 3
 1 391 523 206 81 149 5
 1 522 49 206 81 181 7
 3 784 489 203 58 217 8
 6 852 0 449 130 230 9
 0
43
 65793 5 71 288 71 288 106 288 106 429 251 429 251 429 0 1 0 3
 65793 5 264 429 264 429 264 592 264 592 406 592 406 592 0 3 0 5
 255 5 71 189 71 189 71 208 71 208 251 208 251 208 0 1 0 3
 255 5 420 247 420 247 420 247 420 208 420 208 420 208 0 3 0 3
 255 5 71 215 71 215 92 215 92 442 251 442 251 442 0 1 0 3
 0 5 71 249 71 249 105 249 105 195 251 195 251 195 0 1 0 3
 0 5 563 390 563 390 563 390 563 429 563 429 563 429 0 3 0 3
 255 5 277 442 277 442 277 534 277 534 406 534 406 534 0 3 0 5
 8421631 5 523 534 523 534 523 480 446 480 446 390 446 390 0 5 0 3
 8421631 5 542 534 542 534 542 469 459 469 459 390 459 390 0 5 0 3
 8421631 5 472 390 472 390 472 459 561 459 561 534 561 534 0 3 0 5
 8421631 5 485 390 485 390 485 449 580 449 580 534 580 534 0 3 0 5
 65280 5 433 390 433 390 433 490 504 490 504 534 504 534 0 3 0 5
 65280 5 485 534 485 534 485 501 415 501 415 286 433 286 0 5 0 3
 65280 5 466 534 466 509 404 509 404 273 459 273 459 273 0 5 0 3
 65280 5 447 534 447 518 394 518 394 260 485 260 485 260 0 5 0 3
 16744576 5 420 351 420 357 725 357 725 86 711 86 711 86 0 3 0 7
 16744576 5 446 247 446 247 446 8 692 8 692 60 692 60 0 3 0 7
 16744576 5 673 60 673 60 673 19 472 19 472 247 472 247 0 7 0 3
 16744576 5 654 60 654 60 654 31 498 31 498 247 498 247 0 7 0 3
 0 5 537 118 537 118 537 118 537 195 537 195 537 195 0 7 0 3
 255 5 537 60 537 60 511 60 511 208 524 208 524 208 0 7 0 3
 65793 5 758 429 758 429 758 526 758 526 795 526 795 526 0 3 0 8
 255 5 836 208 836 208 836 27 836 27 868 27 868 27 0 3 0 9
 255 5 823 208 823 208 823 208 823 247 823 247 823 247 0 3 0 3
 0 5 914 390 914 390 914 390 914 429 914 429 914 429 0 3 0 3
 16711935 5 1201 123 1201 123 1201 137 862 137 862 247 862 247 0 9 0 3
 16711935 5 875 247 875 247 875 148 1214 148 1214 123 1214 123 0 3 0 9
 16711935 5 888 247 888 247 888 160 1227 160 1227 123 1227 123 0 3 0 9
 16711935 5 901 247 901 247 901 172 1240 172 1240 123 1240 123 0 3 0 9
 16711935 5 914 247 914 247 914 183 1253 183 1253 123 1253 123 0 3 0 9
 16711935 5 836 247 836 247 836 272 1266 272 1266 123 1266 123 0 3 0 9
 16711935 5 849 247 849 247 849 259 1279 259 1279 123 1279 123 0 3 0 9
 16711680 5 901 390 901 390 901 402 524 402 524 390 524 390 0 3 0 3
 16711680 5 537 377 537 377 537 377 823 377 823 377 823 377 0 3 0 3
 16711680 5 550 364 550 364 550 364 836 364 836 364 836 364 0 3 0 3
 16711680 5 888 351 888 351 888 344 578 344 578 286 563 286 0 3 0 3
 8388736 5 901 377 901 364 1022 364 1022 545 970 545 970 533 0 3 0 8
 8388736 5 823 390 823 390 823 385 1014 385 1014 533 950 533 0 3 0 8
 8388736 5 836 390 836 390 836 416 1047 416 1047 533 930 533 0 3 0 8
 8388736 5 888 390 888 402 1087 402 1087 560 910 560 910 533 0 3 0 8
 33023 5 498 351 498 350 758 350 758 41 578 41 578 86 0 3 0 7
 33023 5 511 364 511 370 737 370 737 73 597 73 597 73 0 3 0 7
2
 7181 1 24 414 299 5 0 1970706480 0 3
 7047 1 16 817 299 5 0 1970706480 0 3
