Version 0.9.7
5
 4 10 175 77 128 0 1
 5 80 400 206 81 2 2
 0 193 123 877 276 8 3
 1 296 456 206 81 140 4
 3 267 16 203 58 150 5
 0
19
 0 5 71 288 71 288 71 372 246 372 246 371 246 371 0 1 0 3
 0 5 259 371 259 371 259 525 259 525 311 525 311 525 0 3 0 4
 0 5 71 249 71 249 97 249 97 53 278 53 278 53 0 1 0 5
 255 5 71 189 71 189 109 189 109 150 246 150 246 150 0 1 0 3
 255 5 71 228 71 228 107 228 107 467 311 467 311 467 0 1 0 4
 255 5 350 150 350 150 350 150 350 189 350 189 350 189 0 3 0 3
 255 5 597 150 597 150 597 150 597 189 597 189 597 189 0 3 0 3
 255 5 844 150 844 150 844 150 844 189 844 189 844 189 0 3 0 3
 0 5 428 332 428 332 428 332 428 371 428 371 428 371 0 3 0 3
 0 5 675 332 675 332 675 332 675 371 675 371 675 371 0 3 0 3
 0 5 922 332 922 332 922 332 922 371 922 371 922 371 0 3 0 3
 8421631 5 352 467 352 467 350 467 350 467 350 332 350 332 0 4 0 3
 8421631 5 371 467 371 467 363 467 363 467 363 332 363 332 0 4 0 3
 65280 5 389 332 389 332 389 467 389 467 390 467 390 467 0 3 0 4
 65280 5 409 467 409 467 402 467 402 467 402 332 402 332 0 4 0 3
 8421376 5 376 332 376 332 376 326 597 326 597 332 597 332 0 3 0 3
 8421376 5 415 319 415 319 415 313 610 313 610 319 610 319 0 3 0 3
 16744576 5 623 306 623 306 623 306 844 306 844 306 844 306 0 3 0 3
 65535 5 857 293 857 293 832 293 832 60 453 60 453 60 0 3 0 5
3
 7008 1 14 344 241 5 0 1970706480 0 3
 7032 1 14 591 241 5 0 1970706480 0 3
 7004 1 14 838 241 5 0 1970706480 0 3
